% Comparison of original 5G-NR LDPC codes and optimized 5G-NR
% LDPC codes with K=6 and Z=2,4,8,16,32 for (a) SNR gap to Shannon limit at
% BLER = 10−5, (b) minimum distance, (c) percentage of undetected errors.

% (a) SNR gap to Shannon limit at BLER = 10−5, obtained by interpolation.
% columns: M=4,5,6,7,8,9,10,11,12, from left to right.
% rows: Z=4,8,16,32, from top to bottom.
dsnr0 = [
    9.25000000000000	6.10041379582393	6.31973066256855	7.32365581918280	6.90898499101528	6.97672237486950	7.14197709505353	6.93196597737312	6.75558571061165
    5.53635902071386	4.94840622198058	4.98245376428016	5.00793472340576	5.09378785330116	5.12798438261189	5.05623213786724	5.08699399988557	4.91518446919634
    5.77703955013324	4.75680921174555	3.97156529271093	4.10532989957363	4.01165120897334	4.02796499042325	3.98897544094808	3.99414031880068	4.03790662694275
    3.55577043640963	3.20454198520570	3.03863886113411	3.07964445705750	3.05578104521290	3.08592096443043	3.07920002306619	3.15066378614683	3.18581011079354
]; % Original 5G-NR LDPC codes.

dsnr1 = [
    5.79259183887154	6.18358316627275	6.36152108120158	6.33065915574350	6.63915163605881	7.34230494329984	6.96363058920385	7.09629034376161	6.84193512071065
    5.11645793890503	5.09658971668956	5.05932703838607	4.97862304023110	5.08732066114380	5.12084060819933	5.05380278076730	4.97932254420413	4.88820438337863
    4.24721552019321	3.97158466819815	3.95033804416257	3.94533073285902	3.95263852515208	3.98876023423127	3.94101097454118	4.00160140076766	4.00792142298251
    3.38734690443374	3.10180264388036	3.06629983556947	3.24274722925643	3.20828933065468	3.07840717612460	3.08363420410801	3.22438812076144	3.23163467317581
]; % Optimized 5G-NR LDPC codes.

% (b) Tested Minimum distance.
% columns: M=4,5,6,7,8,9,10,11,12, from left to right.
% rows: Z=4,8,16,32, from top to bottom.
dmin0 = [
    2  4  5  5  6  7  8  8  9
    3  5  7  7  9 11 11 11 12 
    3  5  8 10 12 14 15 15 15
    6  9 12 14 17 19 20 20 23
]; % Original 5G-NR LDPC codes.

dmin1 = [
    4  4  6  7  8  8 10 10 10
    5  6  8  8 10 12 14 14 15
    6  8 10 11 14 16 17 18 20
    8 10 13 14 17 21 22 22 23
]; % Optimized 5G-NR LDPC codes.

% (c) Percentage of undetected errors.
% columns: M=4,5,6,7,8,9,10,11,12, from left to right.
% rows: Z=4,8,16,32, from top to bottom.
p0 = [
    0.210000000000000	0.630000000000000	0.680000000000000	0.830000000000000	0.640000000000000	0.650000000000000	0.640000000000000	0.700000000000000	0.740000000000000
    0.840000000000000	0.540000000000000	0.380000000000000	0.410000000000000	0.200000000000000	0.0700000000000000	0.150000000000000	0.290000000000000	0.570000000000000
    0.950000000000000	0.840000000000000	0.360000000000000	0.170000000000000	0.0600000000000000	0.0800000000000000	0.0900000000000000	0.210000000000000	0.340000000000000
    0.290000000000000	0.220000000000000	0.145161290322581	0.136363636363636	0.112500000000000	0.0652173913043478	0.103448275862069	0.160000000000000	0.270000000000000
]; % Original 5G-NR LDPC codes.

p1 = [
    0.125000000000000	0.270000000000000	0.220000000000000	0.380000000000000	0.370000000000000	0.710000000000000	0.490000000000000	0.560000000000000	0.440000000000000
    0.0400000000000000	0.150000000000000	0.300000000000000	0.270000000000000	0.160000000000000	0.150000000000000	0.260000000000000	0.230000000000000	0.320000000000000
    0.140000000000000	0.110000000000000	0.120000000000000	0.110000000000000	0.0900000000000000	0.100000000000000	0.0500000000000000	0.120000000000000	0.130000000000000
    0.0800000000000000	0.190000000000000	0.135802469135802	0.100000000000000	0.0700000000000000	0.0574712643678161	0.0740740740740741	0.180000000000000	0.110000000000000
]; % Optimized 5G-NR LDPC codes.
